/
[UNK]
[CLS]
[SEP]
[MASK]
[PAD]
.
5453da
nestorcgk
51de4a
spline
072e93
line
True
quantitative
categorical
maragones
399
9e750d
734
63a603
bar
101b1f
732
3f5d8e
temporal
90
e37bd5
solid
fe5f05
lines
eceb82
389241
eceb82
oriolpva
11bf2e
Malc01
e43e72
dfcfc5
crujones5
66cc6b
ad63fc
277b05
teliaklient
474f26
ed8385
dbec5c
e35ee4
vpatel74
a4159f
437090
d35832
4bfaf8
100bf9
e66500
e5fa73
e66500
1c66f7
a3d224
293212
mara00
774840
9c8ea4
erasmocf.ufrgs
c47ad7
50dfc7
b4129c
85f505
3a822d
5f72e9
491ae4
dfc6b2
2baffc
812fad
e686b8
dabae6
860206
180ca6
58cc9c
1e8c1d
3e83b4
1e8c1d
b73740
178c9f
23287e
itsthejb
8d0269
ce3342
fe3748
56dafa
nirajd
e842f8
563563
eca0c5
baf914
bharat5005
bc109d
b64c45
90ca3d
d69c9f
9f7436
7b8457
9f7436
bf6f61
magndahl
daa77b
penestia
0b4c04
0
1
2
3
4
5
6
7
8
9
10
11
12
13
14
15
16
17
18
19
20
21
22
23
24
25
26
27
28
29
30
31
32
33
34
35
36
37
38
39
40
41
42
43
44
45
46
47
48
49
50
51
52
53
54
55
56
57
58
59
60
61
62
63
64
65
66
67
68
69
70
71
72
73
74
75
76
77
78
79
80
81
82
83
84
85
86
87
88
89
90
91
92
93
94
95
96
97
98
99
100
101
102
103
104
105
106
107
108
109
110
111
112
113
114
115
116
117
118
119
120
121
122
123
124
125
126
127
128
129
130
131
132
133
134
135
136
137
138
139
140
141
142
143
144
145
146
147
148
149
150
151
152
153
154
155
156
157
158
159
160
161
162
163
164
165
166
167
168
169
170
171
172
173
174
175
176
177
178
179
180
181
182
183
184
185
186
187
188
189
190
191
192
193
194
195
196
197
198
199
200
201
202
203
204
205
206
207
208
209
210
211
212
213
214
215
216
217
218
219
220
221
222
223
224
225
226
227
228
229
230
231
232
233
234
235
236
237
238
239
240
241
242
243
244
245
246
247
248
249
250
251
252
253
254
255